"rs9784244" "rs16837531" "rs1873388" "rs777490" "rs777488" "rs1168593" "rs777486" "rs1687481" "rs9813564" "rs6786437" "rs7613347" "rs6796854" "rs3845960" "rs11718493" "rs11918048" "rs4679256" "rs6783962" "rs1873400" "rs1873399" "rs6781798" "rs1056522" "rs1552641" "rs12492352" "rs1123373" "rs12490724" "rs1873393" "rs1873392" "rs6782739" "rs9867693" "rs10934779" "rs16837587" "rs7622325" "rs2363029" "rs7617257" "rs16837605" "rs2363947" "rs17743103" "rs2363948" "rs13078546" "rs1873389" "rs4679269" "rs7620289"
"rs9784244" 1 0.296076475343312 -0.212706947727952 -0.171237818047468 -0.212706947727952 -0.172476208282596 -0.161038394226263 -0.182725527102692 0.260769512530191 -0.130191511851763 0.227318947129962 -0.150690160979039 0.2455557370314 0.241714700008974 -0.118083554492059 -0.135641268704918 0.228614468282286 -0.168978137888292 0.837165655660799 -0.141459043374091 -0.169830938841505 -0.139769712212607 -0.137498525216126 0.462313283305556 0.502504117720796 -0.0200210494414412 -0.0200210494414412 -0.0200210494414412 0.00243407237668947 0.217565182369493 0.261040599194631 -0.0342707539193848 -0.158327000302133 0.155794408153462 -0.0459885893184791 -0.119399643154602 -0.14309864322215 -0.137710891920569 -0.0923150124061565 -0.0846929864315714 0.141975641013767 0.141975641013767
"rs16837531" 0.296076475343312 1 0.741261600518245 0.672743177389674 0.741261600518245 0.674182606573656 0.767786913951757 0.755495305836317 0.88299022611643 0.65849736015004 0.862857744509766 0.707995167601937 0.83502359946863 0.894161568421592 -0.280994299669751 0.738067139760821 0.818027330146591 0.728779942724369 0.255307476969154 0.732288384557598 0.729210995567896 0.724237184546129 -0.347772697641443 0.24095125599733 0.186298386424431 0.0317504460755557 0.0317504460755557 0.0317504460755557 0.08023569805568 0.829102347852113 0.805888099581787 -0.108139216380277 0.590198395603601 0.659565936923946 0.159444005772379 0.577660573716779 0.398320075419825 0.50016307923033 0.406351586139571 0.484467247371108 0.566427024489864 0.566427024489864
"rs1873388" -0.212706947727952 0.741261600518245 1 0.908160098200014 1 0.905491010582747 0.781658248283206 0.889230201853913 0.842307002652988 0.650276525901943 0.841620521344916 0.805093210929934 0.844825843923301 0.800292715578538 -0.242469630823038 0.733933294474178 0.71192193502892 0.828433858979855 -0.16636496083144 0.720200298175044 0.823918041885315 0.72120152754532 -0.326673667237104 0.25970793018104 0.206365359537736 0.371986673200185 0.371986673200185 0.371986673200185 0.302066500088529 0.83184619973275 0.592552896480402 0.189578289134153 0.677749734479472 0.629283241821748 0.17445654645971 0.550962740757071 0.483440721640328 0.60775385959396 0.456536619348736 0.618313416987063 0.516411875344297 0.516411875344297
"rs777490" -0.171237818047468 0.672743177389674 0.908160098200014 1 0.908160098200014 0.997685923667707 0.876241193426972 0.887275696582693 0.781132529240955 0.710009824099798 0.777312886334833 0.892308265276909 0.787200478511576 0.728836912877235 -0.215480389027185 0.766911366769544 0.681704378937051 0.780909057919341 -0.135926841324911 0.755221870697621 0.777709933373955 0.755442970064788 -0.302284101446833 0.131006594172094 0.162092746496248 0.295576204349595 0.295576204349595 0.295576204349595 0.225547503699261 0.769049797613965 0.639010686282225 0.199933507921601 0.640583277674129 0.55513633421393 -0.0410077723459382 0.565640114741157 0.516876532694974 0.510710703001666 0.460563760137769 0.546027128074547 0.427112057584158 0.427112057584158
"rs777488" -0.212706947727952 0.741261600518245 1 0.908160098200014 1 0.905491010582747 0.781658248283206 0.889230201853913 0.842307002652988 0.650276525901943 0.841620521344916 0.805093210929934 0.844825843923301 0.800292715578538 -0.242469630823038 0.733933294474178 0.71192193502892 0.828433858979855 -0.16636496083144 0.720200298175044 0.823918041885315 0.72120152754532 -0.326673667237104 0.25970793018104 0.206365359537736 0.371986673200185 0.371986673200185 0.371986673200185 0.302066500088529 0.83184619973275 0.592552896480402 0.189578289134153 0.677749734479472 0.629283241821748 0.17445654645971 0.550962740757071 0.483440721640328 0.60775385959396 0.456536619348736 0.618313416987063 0.516411875344297 0.516411875344297
"rs1168593" -0.172476208282596 0.674182606573656 0.905491010582747 0.997685923667707 0.905491010582747 1 0.879010380525084 0.889554368133152 0.782177411398397 0.713775229006878 0.778427176786118 0.894937322830536 0.788456396388741 0.730233768711024 -0.217323248099107 0.769851693244067 0.683389555371137 0.783260228309312 -0.137074173303143 0.758069582860985 0.780023990150572 0.758323182500412 -0.299390873470748 0.12916851333932 0.160412149676975 0.294402001958498 0.294402001958498 0.294402001958498 0.224533807479786 0.770220347800103 0.641146290345837 0.199326774147829 0.643144082426862 0.556037740898469 -0.0416692331500207 0.569124763456984 0.519064234301251 0.512339898182395 0.46380049480589 0.54769361739247 0.428086317669121 0.428086317669121
"rs777486" -0.161038394226263 0.767786913951757 0.781658248283206 0.876241193426972 0.781658248283206 0.879010380525084 1 0.878909935134881 0.671729784609511 0.806921142888139 0.664282887327627 0.89852522116844 0.675752822419499 0.717173928185123 -0.195377751947892 0.875540840912811 0.671651846423465 0.78167503883129 -0.150543523916764 0.865474056568878 0.774644649291042 0.865147687156388 -0.259772246047697 -0.145227932207128 -0.125972218772708 -0.0413945278606547 -0.0413945278606547 -0.0413945278606547 0.0156307968831666 0.662032651077884 0.739039135015487 -0.113907477019919 0.631017847133334 0.511162867490505 -0.0607193802599189 0.666658362273749 0.505950594488583 0.468205734422423 0.45231957279993 0.447876977990367 0.396908062692096 0.396908062692096
"rs1687481" -0.182725527102692 0.755495305836317 0.889230201853913 0.887275696582693 0.889230201853913 0.889554368133152 0.878909935134881 1 0.778934832610889 0.731199817467706 0.775055678631961 0.821969412372304 0.789395498657341 0.815943395053576 -0.231480119258158 0.838194884172778 0.641418248755831 0.753589858911124 -0.15738013180418 0.825724962171748 0.745912278970908 0.826254372150488 -0.306577264215418 0.0448053134210946 0.0779947949226685 0.210130598235272 0.210130598235272 0.210130598235272 0.302475753049196 0.766698923987679 0.694744031998785 -0.0755596401459036 0.611514497787198 0.545968887695264 -0.0415901815451502 0.632023732499027 0.472493793026964 0.513532800506602 0.424530977595877 0.535474257073467 0.428881356532941 0.428881356532941
"rs9813564" 0.260769512530191 0.88299022611643 0.842307002652988 0.781132529240955 0.842307002652988 0.782177411398397 0.671729784609511 0.778934832610889 1 0.571435150855902 0.983794287142371 0.72973307182624 0.95623959102234 0.921378300672808 -0.319380222078883 0.662655844869495 0.845186368695624 0.75016422545809 0.262670099867127 0.65486338484662 0.753758785762562 0.647702194099288 -0.410089176279345 0.490299234350029 0.449754260209089 0.344286789242046 0.344286789242046 0.344286789242046 0.273937765052811 0.945441696800341 0.73346774921411 0.185575623680174 0.625164859479868 0.719498294676409 0.169604885275689 0.508967452407591 0.426557509131734 0.535569933395798 0.423176808299978 0.571838610670994 0.588685890731364 0.588685890731364
"rs6786437" -0.130191511851763 0.65849736015004 0.650276525901943 0.710009824099798 0.650276525901943 0.713775229006878 0.806921142888139 0.731199817467706 0.571435150855902 1 0.577552219714153 0.789669716499995 0.582771283533035 0.624914326501535 -0.221807266537011 0.752690590777845 0.582957829054408 0.686591050928429 -0.15010188797904 0.748770367021407 0.681930722829469 0.745509210506963 -0.24352232608098 -0.120395534753285 -0.116065628933864 -0.029038100277404 -0.029038100277404 -0.029038100277404 0.0177795143014792 0.575227053194718 0.628412496837367 -0.100634401194545 0.53534725985476 0.444482607456767 -0.0340211231891264 0.630451568648752 0.412664549549856 0.452721236427735 0.489513796491416 0.408021092185773 0.371311947269348 0.371311947269348
"rs7613347" 0.227318947129962 0.862857744509766 0.841620521344916 0.777312886334833 0.841620521344916 0.778427176786118 0.664282887327627 0.775055678631961 0.983794287142371 0.577552219714153 1 0.741588889722324 0.971692826870437 0.935588372952243 -0.324660215173609 0.672390129235525 0.861324673983845 0.763148762234118 0.270790943298965 0.664952790640894 0.766781426774359 0.657686651056968 -0.41368927529107 0.499500315815306 0.457617177591163 0.347703738191851 0.347703738191851 0.347703738191851 0.274168872149065 0.961133013187292 0.746655398177531 0.191152169734403 0.635697622993581 0.739346959945383 0.174467577201245 0.515118867193149 0.434494659329843 0.5505918196404 0.430770397704929 0.587570698856538 0.60752691731854 0.60752691731854
"rs6796854" -0.150690160979039 0.707995167601937 0.805093210929934 0.892308265276909 0.805093210929934 0.894937322830536 0.89852522116844 0.821969412372304 0.72973307182624 0.789669716499995 0.741588889722324 1 0.756083245588889 0.708078483672093 -0.235058632932559 0.866685261266732 0.765103830423523 0.869003308774098 -0.136958870905635 0.855770748325812 0.8658054563458 0.855714245620088 -0.304154861593074 -0.0246412367783127 -0.00187422638614624 0.0981948107058654 0.0981948107058654 0.0981948107058654 -0.00233548886128708 0.744706405468131 0.736736698972957 0.174156691318897 0.722736626085105 0.602304559945842 -0.0382702625699438 0.660483537297859 0.601961938488097 0.542656450166118 0.525090997914177 0.519693146961482 0.473584379305045 0.473584379305045
"rs3845960" 0.2455557370314 0.83502359946863 0.844825843923301 0.787200478511576 0.844825843923301 0.788456396388741 0.675752822419499 0.789395498657341 0.95623959102234 0.582771283533035 0.971692826870437 0.756083245588889 1 0.935639470123909 -0.312305877776011 0.686476565920465 0.856122418214924 0.757573121493006 0.288692328372628 0.670306317675538 0.752676792126336 0.672088166952839 -0.405365005831358 0.493224426429373 0.45856995509078 0.335372545148153 0.335372545148153 0.335372545148153 0.284626300022022 0.960719865313987 0.759898437984391 0.19039865135219 0.637858277508128 0.741922660855029 0.185345605899826 0.510182643327406 0.44642673584582 0.544679378276618 0.422218486257878 0.590716345086858 0.606280828054021 0.606280828054021
"rs11718493" 0.241714700008974 0.894161568421592 0.800292715578538 0.728836912877235 0.800292715578538 0.730233768711024 0.717173928185123 0.815943395053576 0.921378300672808 0.624914326501535 0.935588372952243 0.708078483672093 0.935639470123909 1 -0.294935193035197 0.740226482898611 0.833033503033027 0.73181009714199 0.28179854883158 0.733997959251096 0.731999404280937 0.726245426398035 -0.388007008976883 0.375015816511425 0.323849751760011 0.177855427479648 0.177855427479648 0.177855427479648 0.263436848269378 0.927683843036042 0.815886267858032 -0.111629932418952 0.592513053319255 0.703139359771647 0.168014138866593 0.571081450351659 0.387856355375155 0.510844561749748 0.385598672257332 0.534743096137319 0.576001996676444 0.576001996676444
"rs11918048" -0.118083554492059 -0.280994299669751 -0.242469630823038 -0.215480389027185 -0.242469630823038 -0.217323248099107 -0.195377751947892 -0.231480119258158 -0.319380222078883 -0.221807266537011 -0.324660215173609 -0.235058632932559 -0.312305877776011 -0.294935193035197 1 -0.204203211330299 -0.277573115620209 -0.242992256015503 -0.0988974285216928 -0.206231252377671 -0.244382560314308 -0.203643872124619 0.73530364087674 -0.178439439191324 -0.17007481401324 -0.132899808917475 -0.132899808917475 -0.132899808917475 -0.0951579499827844 -0.312823161235618 -0.230711426816906 -0.0937656816832258 -0.160059286663723 -0.182719652216148 -0.0718363298630632 -0.133216800839916 -0.141810039258467 -0.0999344237907089 -0.139584809719285 -0.157898326844081 -0.128462156672595 -0.128462156672595
"rs4679256" -0.135641268704918 0.738067139760821 0.733933294474178 0.766911366769544 0.733933294474178 0.769851693244067 0.875540840912811 0.838194884172778 0.662655844869495 0.752690590777845 0.672390129235525 0.866685261266732 0.686476565920465 0.740226482898611 -0.204203211330299 1 0.77880421304005 0.887363229504446 -0.135654786451431 0.984471327113331 0.879770654104376 0.98424459927395 -0.267332300277684 -0.269548075277093 -0.260171816570392 -0.215080122869639 -0.215080122869639 -0.215080122869639 -0.176946649200832 0.673627581721406 0.857281147389068 -0.148069303752714 0.721086999628569 0.525118894024356 -0.0509452580932066 0.77493005140676 0.596122791167691 0.472188034374188 0.552433753788392 0.446605817652742 0.413864573488795 0.413864573488795
"rs6783962" 0.228614468282286 0.818027330146591 0.71192193502892 0.681704378937051 0.71192193502892 0.683389555371137 0.671651846423465 0.641418248755831 0.845186368695624 0.582957829054408 0.861324673983845 0.765103830423523 0.856122418214924 0.833033503033027 -0.277573115620209 0.77880421304005 1 0.880736944210755 0.327735988150088 0.783663372206459 0.884862508114482 0.775430910270984 -0.354674262677289 0.233347531024681 0.166729903721916 -0.0469837185647852 -0.0469837185647852 -0.0469837185647852 -0.206364074794524 0.868324416781726 0.888150840624428 0.176844398456785 0.747743620829928 0.717501556827523 0.204947347341813 0.62322234143473 0.561818480947698 0.504583023487438 0.53944871538795 0.494342585647766 0.593017551873989 0.593017551873989
"rs1873400" -0.168978137888292 0.728779942724369 0.828433858979855 0.780909057919341 0.828433858979855 0.783260228309312 0.78167503883129 0.753589858911124 0.75016422545809 0.686591050928429 0.763148762234118 0.869003308774098 0.757573121493006 0.73181009714199 -0.242992256015503 0.887363229504446 0.880736944210755 1 -0.144373998384097 0.900247660875433 0.995262451053982 0.890779478820649 -0.31746019646499 -0.0299228794002699 -0.102918918107747 -0.0186453962097332 -0.0186453962097332 -0.0186453962097332 -0.171961789017105 0.776212540292489 0.775186024958904 0.171841191009295 0.841702911473162 0.641122394405523 0.188827741204048 0.723058138671783 0.645156365313025 0.597873456881715 0.613416831448887 0.56307324521319 0.53496138044491 0.53496138044491
"rs1873399" 0.837165655660799 0.255307476969154 -0.16636496083144 -0.135926841324911 -0.16636496083144 -0.137074173303143 -0.150543523916764 -0.15738013180418 0.262670099867127 -0.15010188797904 0.270790943298965 -0.136958870905635 0.288692328372628 0.28179854883158 -0.0988974285216928 -0.135654786451431 0.327735988150088 -0.144373998384097 1 -0.141032204101454 -0.145296238775852 -0.139488182824684 -0.112228835622675 0.530195782484885 0.55858709370246 -0.0755342769678315 -0.0755342769678315 -0.0755342769678315 -0.0914454528604716 0.268252289241053 0.338444438693346 0.00367082891565104 -0.108942684191143 0.228476474454567 0.0578233769108617 -0.12646089330067 -0.108260350511904 -0.14304332370813 -0.0940498613716943 -0.0852564596130039 0.176426075913587 0.176426075913587
"rs6781798" -0.141459043374091 0.732288384557598 0.720200298175044 0.755221870697621 0.720200298175044 0.758069582860985 0.865474056568878 0.825724962171748 0.65486338484662 0.748770367021407 0.664952790640894 0.855770748325812 0.670306317675538 0.733997959251096 -0.206231252377671 0.984471327113331 0.783663372206459 0.900247660875433 -0.141032204101454 1 0.892423549872417 0.989571870292701 -0.272828409329516 -0.278998301095501 -0.268838589453709 -0.221511063976358 -0.221511063976358 -0.221511063976358 -0.182471285089529 0.680443846178129 0.869374873583633 -0.151201517719765 0.742466026847498 0.532236685641516 -0.0544691958259323 0.79805574679639 0.611759066226265 0.480364647549942 0.571135214384383 0.460075589428105 0.427638704976978 0.427638704976978
"rs1056522" -0.169830938841505 0.729210995567896 0.823918041885315 0.777709933373955 0.823918041885315 0.780023990150572 0.774644649291042 0.745912278970908 0.753758785762562 0.681930722829469 0.766781426774359 0.8658054563458 0.752676792126336 0.731999404280937 -0.244382560314308 0.879770654104376 0.884862508114482 0.995262451053982 -0.145296238775852 0.892423549872417 1 0.883076165087461 -0.319142060808726 -0.0159667183335535 -0.099483907352679 -0.013773363431519 -0.013773363431519 -0.013773363431519 -0.172829647897683 0.779842295579053 0.767446535642899 0.182794221022353 0.838913759229128 0.641046836111292 0.185931017092028 0.717947127589641 0.643441351808359 0.599862977129978 0.614165821057078 0.560966391628269 0.536131476132088 0.536131476132088
"rs1552641" -0.139769712212607 0.724237184546129 0.72120152754532 0.755442970064788 0.72120152754532 0.758323182500412 0.865147687156388 0.826254372150488 0.647702194099288 0.745509210506963 0.657686651056968 0.855714245620088 0.672088166952839 0.726245426398035 -0.203643872124619 0.98424459927395 0.775430910270984 0.890779478820649 -0.139488182824684 0.989571870292701 0.883076165087461 1 -0.269606908985288 -0.276337699700675 -0.266420565010457 -0.219754205494692 -0.219754205494692 -0.219754205494692 -0.180948747193809 0.682435352302955 0.870105756722894 -0.150419318548723 0.741645913095358 0.53376369852814 -0.0533929762440448 0.795454344279006 0.610903537389916 0.480019195014905 0.567765167140746 0.459593530583355 0.428308564903055 0.428308564903055
"rs12492352" -0.137498525216126 -0.347772697641443 -0.326673667237104 -0.302284101446833 -0.326673667237104 -0.299390873470748 -0.259772246047697 -0.306577264215418 -0.410089176279345 -0.24352232608098 -0.41368927529107 -0.304154861593074 -0.405365005831358 -0.388007008976883 0.73530364087674 -0.267332300277684 -0.354674262677289 -0.31746019646499 -0.112228835622675 -0.272828409329516 -0.319142060808726 -0.269606908985288 1 -0.235237562301214 -0.220788739188324 -0.184811456686975 -0.184811456686975 -0.184811456686975 -0.150206385166158 -0.418422613130636 -0.304884508511546 -0.104636496547825 -0.239777955758046 -0.314560359252315 -0.0925361706789408 -0.189146338252555 -0.228807005527815 -0.213915531106355 -0.216090265155093 -0.263016314952588 -0.245050939513366 -0.245050939513366
"rs1123373" 0.462313283305556 0.24095125599733 0.25970793018104 0.131006594172094 0.25970793018104 0.12916851333932 -0.145227932207128 0.0448053134210946 0.490299234350029 -0.120395534753285 0.499500315815306 -0.0246412367783127 0.493224426429373 0.375015816511425 -0.178439439191324 -0.269548075277093 0.233347531024681 -0.0299228794002699 0.530195782484885 -0.278998301095501 -0.0159667183335535 -0.276337699700675 -0.235237562301214 1 0.931859796961691 0.728380149630989 0.728380149630989 0.728380149630989 0.58395319771804 0.494900405815515 -0.0155790961777207 0.435030725082148 -0.00857759911574386 0.375493126669634 0.298460087349709 -0.241235447434335 -0.11427273457517 0.183877531084009 -0.0845047982969069 0.251952985003311 0.323614228222051 0.323614228222051
"rs12490724" 0.502504117720796 0.186298386424431 0.206365359537736 0.162092746496248 0.206365359537736 0.160412149676975 -0.125972218772708 0.0779947949226685 0.449754260209089 -0.116065628933864 0.457617177591163 -0.00187422638614624 0.45856995509078 0.323849751760011 -0.17007481401324 -0.260171816570392 0.166729903721916 -0.102918918107747 0.55858709370246 -0.268838589453709 -0.099483907352679 -0.266420565010457 -0.220788739188324 0.931859796961691 1 0.780154881230582 0.780154881230582 0.780154881230582 0.630664770337459 0.462798258903714 0.0126840644126502 0.457492604529333 -0.087705947415177 0.325606095186789 0.0234953325344261 -0.249362501539377 -0.105848039137331 0.108910306194173 -0.0935513683401801 0.196160887339433 0.266848942504206 0.266848942504206
"rs1873393" -0.0200210494414412 0.0317504460755557 0.371986673200185 0.295576204349595 0.371986673200185 0.294402001958498 -0.0413945278606547 0.210130598235272 0.344286789242046 -0.029038100277404 0.347703738191851 0.0981948107058654 0.335372545148153 0.177855427479648 -0.132899808917475 -0.215080122869639 -0.0469837185647852 -0.0186453962097332 -0.0755342769678315 -0.221511063976358 -0.013773363431519 -0.219754205494692 -0.184811456686975 0.728380149630989 0.780154881230582 1 1 1 0.831547868550094 0.349083160238578 -0.248198962379345 0.549809303393081 -0.0193527219380539 0.220171499144922 -0.016821665453058 -0.200084961954786 -0.0496741071133971 0.243388536084647 -0.0449142333836801 0.304803138928054 0.182390549549216 0.182390549549216
"rs1873392" -0.0200210494414412 0.0317504460755557 0.371986673200185 0.295576204349595 0.371986673200185 0.294402001958498 -0.0413945278606547 0.210130598235272 0.344286789242046 -0.029038100277404 0.347703738191851 0.0981948107058654 0.335372545148153 0.177855427479648 -0.132899808917475 -0.215080122869639 -0.0469837185647852 -0.0186453962097332 -0.0755342769678315 -0.221511063976358 -0.013773363431519 -0.219754205494692 -0.184811456686975 0.728380149630989 0.780154881230582 1 1 1 0.831547868550094 0.349083160238578 -0.248198962379345 0.549809303393081 -0.0193527219380539 0.220171499144922 -0.016821665453058 -0.200084961954786 -0.0496741071133971 0.243388536084647 -0.0449142333836801 0.304803138928054 0.182390549549216 0.182390549549216
"rs6782739" -0.0200210494414412 0.0317504460755557 0.371986673200185 0.295576204349595 0.371986673200185 0.294402001958498 -0.0413945278606547 0.210130598235272 0.344286789242046 -0.029038100277404 0.347703738191851 0.0981948107058654 0.335372545148153 0.177855427479648 -0.132899808917475 -0.215080122869639 -0.0469837185647852 -0.0186453962097332 -0.0755342769678315 -0.221511063976358 -0.013773363431519 -0.219754205494692 -0.184811456686975 0.728380149630989 0.780154881230582 1 1 1 0.831547868550094 0.349083160238578 -0.248198962379345 0.549809303393081 -0.0193527219380539 0.220171499144922 -0.016821665453058 -0.200084961954786 -0.0496741071133971 0.243388536084647 -0.0449142333836801 0.304803138928054 0.182390549549216 0.182390549549216
"rs9867693" 0.00243407237668947 0.08023569805568 0.302066500088529 0.225547503699261 0.302066500088529 0.224533807479786 0.0156307968831666 0.302475753049196 0.273937765052811 0.0177795143014792 0.274168872149065 -0.00233548886128708 0.284626300022022 0.263436848269378 -0.0951579499827844 -0.176946649200832 -0.206364074794524 -0.171961789017105 -0.0914454528604716 -0.182471285089529 -0.172829647897683 -0.180948747193809 -0.150206385166158 0.58395319771804 0.630664770337459 0.831547868550094 0.831547868550094 0.831547868550094 1 0.272718534225594 -0.221350242512591 0.0458227170258171 -0.16112258403312 0.117346082159701 -0.0468006109690152 -0.172773939123218 -0.19106936692245 0.151072201910141 -0.176236315416707 0.241143020817165 0.094651583316193 0.094651583316193
"rs10934779" 0.217565182369493 0.829102347852113 0.83184619973275 0.769049797613965 0.83184619973275 0.770220347800103 0.662032651077884 0.766698923987679 0.945441696800341 0.575227053194718 0.961133013187292 0.744706405468131 0.960719865313987 0.927683843036042 -0.312823161235618 0.673627581721406 0.868324416781726 0.776212540292489 0.268252289241053 0.680443846178129 0.779842295579053 0.682435352302955 -0.418422613130636 0.494900405815515 0.462798258903714 0.349083160238578 0.349083160238578 0.349083160238578 0.272718534225594 1 0.785816172026092 0.195618216229073 0.673432613056673 0.769952319730741 0.178345362911296 0.547702722208244 0.473777584967986 0.5697425954618 0.459947007651141 0.603252670516298 0.633662549855303 0.633662549855303
"rs16837587" 0.261040599194631 0.805888099581787 0.592552896480402 0.639010686282225 0.592552896480402 0.641146290345837 0.739039135015487 0.694744031998785 0.73346774921411 0.628412496837367 0.746655398177531 0.736736698972957 0.759898437984391 0.815886267858032 -0.230711426816906 0.857281147389068 0.888150840624428 0.775186024958904 0.338444438693346 0.869374873583633 0.767446535642899 0.870105756722894 -0.304884508511546 -0.0155790961777207 0.0126840644126502 -0.248198962379345 -0.248198962379345 -0.248198962379345 -0.221350242512591 0.785816172026092 1 -0.138418007717611 0.662395425581048 0.623298115774434 -0.0221171912619447 0.706776560283 0.535947871913795 0.391956859185615 0.504965856020922 0.396492509556257 0.500279753217894 0.500279753217894
"rs7622325" -0.0342707539193848 -0.108139216380277 0.189578289134153 0.199933507921601 0.189578289134153 0.199326774147829 -0.113907477019919 -0.0755596401459036 0.185575623680174 -0.100634401194545 0.191152169734403 0.174156691318897 0.19039865135219 -0.111629932418952 -0.0937656816832258 -0.148069303752714 0.176844398456785 0.171841191009295 0.00367082891565104 -0.151201517719765 0.182794221022353 -0.150419318548723 -0.104636496547825 0.435030725082148 0.457492604529333 0.549809303393081 0.549809303393081 0.549809303393081 0.0458227170258171 0.195618216229073 -0.138418007717611 1 0.208371375839439 0.204764025503788 0.0431009546295682 -0.130390872435404 0.212388750318688 0.178700152020531 0.164993493918854 0.195805262214982 0.155014784681925 0.155014784681925
"rs2363029" -0.158327000302133 0.590198395603601 0.677749734479472 0.640583277674129 0.677749734479472 0.643144082426862 0.631017847133334 0.611514497787198 0.625164859479868 0.53534725985476 0.635697622993581 0.722736626085105 0.637858277508128 0.592513053319255 -0.160059286663723 0.721086999628569 0.747743620829928 0.841702911473162 -0.108942684191143 0.742466026847498 0.838913759229128 0.741645913095358 -0.239777955758046 -0.00857759911574386 -0.087705947415177 -0.0193527219380539 -0.0193527219380539 -0.0193527219380539 -0.16112258403312 0.673432613056673 0.662395425581048 0.208371375839439 1 0.729823133541217 0.271381362521527 0.839637330856326 0.782733639405086 0.68445322916604 0.705404691164525 0.681223687976322 0.598789605028072 0.598789605028072
"rs7617257" 0.155794408153462 0.659565936923946 0.629283241821748 0.55513633421393 0.629283241821748 0.556037740898469 0.511162867490505 0.545968887695264 0.719498294676409 0.444482607456767 0.739346959945383 0.602304559945842 0.741922660855029 0.703139359771647 -0.182719652216148 0.525118894024356 0.717501556827523 0.641122394405523 0.228476474454567 0.532236685641516 0.641046836111292 0.53376369852814 -0.314560359252315 0.375493126669634 0.325606095186789 0.220171499144922 0.220171499144922 0.220171499144922 0.117346082159701 0.769952319730741 0.623298115774434 0.204764025503788 0.729823133541217 1 0.206630013700182 0.602600113130576 0.638266697926075 0.762533441992147 0.59214491025805 0.686932670716955 0.795631646697305 0.795631646697305
"rs16837605" -0.0459885893184791 0.159444005772379 0.17445654645971 -0.0410077723459382 0.17445654645971 -0.0416692331500207 -0.0607193802599189 -0.0415901815451502 0.169604885275689 -0.0340211231891264 0.174467577201245 -0.0382702625699438 0.185345605899826 0.168014138866593 -0.0718363298630632 -0.0509452580932066 0.204947347341813 0.188827741204048 0.0578233769108617 -0.0544691958259323 0.185931017092028 -0.0533929762440448 -0.0925361706789408 0.298460087349709 0.0234953325344261 -0.016821665453058 -0.016821665453058 -0.016821665453058 -0.0468006109690152 0.178345362911296 -0.0221171912619447 0.0431009546295682 0.271381362521527 0.206630013700182 1 -0.0353682453106934 0.0630848672811685 0.219971418522181 0.0395492558875661 0.210213393068041 0.203938705570517 0.203938705570517
"rs2363947" -0.119399643154602 0.577660573716779 0.550962740757071 0.565640114741157 0.550962740757071 0.569124763456984 0.666658362273749 0.632023732499027 0.508967452407591 0.630451568648752 0.515118867193149 0.660483537297859 0.510182643327406 0.571081450351659 -0.133216800839916 0.77493005140676 0.62322234143473 0.723058138671783 -0.12646089330067 0.79805574679639 0.717947127589641 0.795454344279006 -0.189146338252555 -0.241235447434335 -0.249362501539377 -0.200084961954786 -0.200084961954786 -0.200084961954786 -0.172773939123218 0.547702722208244 0.706776560283 -0.130390872435404 0.839637330856326 0.602600113130576 -0.0353682453106934 1 0.700826756430184 0.57643327959348 0.640790862693335 0.563804341316072 0.496535858015048 0.496535858015048
"rs17743103" -0.14309864322215 0.398320075419825 0.483440721640328 0.516876532694974 0.483440721640328 0.519064234301251 0.505950594488583 0.472493793026964 0.426557509131734 0.412664549549856 0.434494659329843 0.601961938488097 0.44642673584582 0.387856355375155 -0.141810039258467 0.596122791167691 0.561818480947698 0.645156365313025 -0.108260350511904 0.611759066226265 0.643441351808359 0.610903537389916 -0.228807005527815 -0.11427273457517 -0.105848039137331 -0.0496741071133971 -0.0496741071133971 -0.0496741071133971 -0.19106936692245 0.473777584967986 0.535947871913795 0.212388750318688 0.782733639405086 0.638266697926075 0.0630848672811685 0.700826756430184 1 0.610869753842796 0.735907340341016 0.609329525620049 0.533789886659006 0.533789886659006
"rs2363948" -0.137710891920569 0.50016307923033 0.60775385959396 0.510710703001666 0.60775385959396 0.512339898182395 0.468205734422423 0.513532800506602 0.535569933395798 0.452721236427735 0.5505918196404 0.542656450166118 0.544679378276618 0.510844561749748 -0.0999344237907089 0.472188034374188 0.504583023487438 0.597873456881715 -0.14304332370813 0.480364647549942 0.599862977129978 0.480019195014905 -0.213915531106355 0.183877531084009 0.108910306194173 0.243388536084647 0.243388536084647 0.243388536084647 0.151072201910141 0.5697425954618 0.391956859185615 0.178700152020531 0.68445322916604 0.762533441992147 0.219971418522181 0.57643327959348 0.610869753842796 1 0.723769952756109 0.866565338949292 0.840018842658118 0.840018842658118
"rs13078546" -0.0923150124061565 0.406351586139571 0.456536619348736 0.460563760137769 0.456536619348736 0.46380049480589 0.45231957279993 0.424530977595877 0.423176808299978 0.489513796491416 0.430770397704929 0.525090997914177 0.422218486257878 0.385598672257332 -0.139584809719285 0.552433753788392 0.53944871538795 0.613416831448887 -0.0940498613716943 0.571135214384383 0.614165821057078 0.567765167140746 -0.216090265155093 -0.0845047982969069 -0.0935513683401801 -0.0449142333836801 -0.0449142333836801 -0.0449142333836801 -0.176236315416707 0.459947007651141 0.504965856020922 0.164993493918854 0.705404691164525 0.59214491025805 0.0395492558875661 0.640790862693335 0.735907340341016 0.723769952756109 1 0.735754663244727 0.642111162292015 0.642111162292015
"rs1873389" -0.0846929864315714 0.484467247371108 0.618313416987063 0.546027128074547 0.618313416987063 0.54769361739247 0.447876977990367 0.535474257073467 0.571838610670994 0.408021092185773 0.587570698856538 0.519693146961482 0.590716345086858 0.534743096137319 -0.157898326844081 0.446605817652742 0.494342585647766 0.56307324521319 -0.0852564596130039 0.460075589428105 0.560966391628269 0.459593530583355 -0.263016314952588 0.251952985003311 0.196160887339433 0.304803138928054 0.304803138928054 0.304803138928054 0.241143020817165 0.603252670516298 0.396492509556257 0.195805262214982 0.681223687976322 0.686932670716955 0.210213393068041 0.563804341316072 0.609329525620049 0.866565338949292 0.735754663244727 1 0.787222077057183 0.787222077057183
"rs4679269" 0.141975641013767 0.566427024489864 0.516411875344297 0.427112057584158 0.516411875344297 0.428086317669121 0.396908062692096 0.428881356532941 0.588685890731364 0.371311947269348 0.60752691731854 0.473584379305045 0.606280828054021 0.576001996676444 -0.128462156672595 0.413864573488795 0.593017551873989 0.53496138044491 0.176426075913587 0.427638704976978 0.536131476132088 0.428308564903055 -0.245050939513366 0.323614228222051 0.266848942504206 0.182390549549216 0.182390549549216 0.182390549549216 0.094651583316193 0.633662549855303 0.500279753217894 0.155014784681925 0.598789605028072 0.795631646697305 0.203938705570517 0.496535858015048 0.533789886659006 0.840018842658118 0.642111162292015 0.787222077057183 1 1
"rs7620289" 0.141975641013767 0.566427024489864 0.516411875344297 0.427112057584158 0.516411875344297 0.428086317669121 0.396908062692096 0.428881356532941 0.588685890731364 0.371311947269348 0.60752691731854 0.473584379305045 0.606280828054021 0.576001996676444 -0.128462156672595 0.413864573488795 0.593017551873989 0.53496138044491 0.176426075913587 0.427638704976978 0.536131476132088 0.428308564903055 -0.245050939513366 0.323614228222051 0.266848942504206 0.182390549549216 0.182390549549216 0.182390549549216 0.094651583316193 0.633662549855303 0.500279753217894 0.155014784681925 0.598789605028072 0.795631646697305 0.203938705570517 0.496535858015048 0.533789886659006 0.840018842658118 0.642111162292015 0.787222077057183 1 1
